300
-684 -917
-433 -620
-51 -371
-181 89
-590 -535
847 926
322 -77
-283 68
-771 950
-696 257
-629 28
-948 -860
-47 -930
-297 -417
-28 -498
-446 -895
-172 252
668 -619
-811 -119
-826 -362
-342 -672
-301 643
-981 433
-170 -451
-726 -748
-162 -532
-421 -349
-857 -214
414 184
934 117
590 361
605 -457
860 -252
666 191
-267 -86
-590 -504
569 966
400 544
-658 197
800 -39
-364 213
-665 -292
-548 115
-154 -934
-803 -245
804 -367
-615 926
-422 375
-61 -860
-310 -69
115 699
645 587
-280 -666
-884 -851
-210 199
-344 114
-469 995
-466 512
358 -608
243 -3
81 383
701 -546
-730 33
-409 572
-917 -68
935 217
497 -152
-189 -214
480 -441
10 -180
-214 819
7 -501
580 295
527 -219
-613 -44
893 462
478 361
518 -548
762 108
-303 -595
160 -317
-239 822
654 777
215 -915
-365 459
-935 -346
841 743
-393 -941
-909 -512
45 -131
-406 323
-236 362
115 -269
-836 -32
-440 140
797 509
-268 700
-482 206
-466 758
11 863
968 -651
332 808
806 -791
938 -940
203 -978
463 -766
-643 289
-407 -62
765 997
-605 -575
-947 -806
670 -89
334 -524
-68 -112
-624 -492
207 -965
863 798
-850 175
986 -467
864 488
863 560
651 902
-983 569
132 386
-144 -639
816 -62
440 -17
870 -155
-565 579
318 -44
297 -281
818 298
630 -900
-836 955
-242 -156
248 103
206 -617
-716 -871
732 527
-593 -337
-252 -414
948 867
-656 -820
293 -730
461 2
446 -826
654 57
453 -488
71 763
-714 409
278 592
712 867
301 893
283 91
678 93
430 -414
-564 369
-528 -350
-646 627
-199 -139
643 -526
-644 -342
-875 74
99 -768
-244 -182
305 -982
996 -35
-542 174
226 208
466 -228
908 -664
-766 552
851 -972
927 -858
-137 -837
295 657
840 -697
-334 224
-129 -721
-569 241
-543 -622
500 827
710 -861
200 274
386 656
-396 -509
-572 -510
390 -272
813 203
-913 -539
299 939
-707 365
-484 -112
-449 973
18 443
-575 467
156 -734
-720 -272
495 541
551 -765
-175 663
293 -739
908 97
550 789
-368 979
391 -972
-779 -507
-533 176
124 234
-899 345
-589 -955
-116 40
978 -913
-37 186
861 846
284 701
-845 -48
522 109
376 -995
-945 328
-444 622
-402 758
-98 556
-241 287
244 -785
86 533
-884 -607
-83 -401
154 -36
30 453
-809 329
-916 747
235 936
-300 578
-249 -73
-296 746
66 962
162 86
-230 157
209 -323
14 609
557 -311
936 -752
832 983
176 402
-569 406
-823 42
267 -415
475 -365
-595 -389
-961 -112
-550 203
976 611
-824 -852
-253 -35
-225 -400
559 294
210 -17
-184 336
-904 -58
323 413
-545 96
-802 -783
-934 699
146 -562
-728 850
691 -315
-734 104
-170 -634
-568 -681
-628 774
-887 564
-874 193
267 648
395 992
-256 964
-710 603
328 -357
-943 -604
584 -77
442 511
328 887
504 -448
981 76
245 -997
852 -73
-848 245
517 972
-736 689
-785 248
849 -346
-885 -91
133 145
-810 -117
23 -468
386 710
-454 335
176 -147
532 275
-351 -745
